200
16577 1341 13778 
8234 19017 14378 
29373 7055 10221 
32007 8973 17713 
21906 26037 16487 
25136 11688 9592 
10582 11774 14508 
12898 3310 10094 
5617 6927 14768 
13326 24993 25747 
21422 3511 15358 
1201 13808 11874 
21998 19534 789 
11837 9911 22052 
10557 18431 12039 
19899 23847 30584 
27959 8853 20631 
26220 26320 31657 
10235 7073 27471 
32532 29517 8247 
29733 16906 11835 
3896 17922 29970 
2950 17264 14163 
8307 4008 6015 
16394 1257 16057 
27692 13981 29853 
24979 26876 24145 
14420 9781 11012 
10936 21735 8037 
22011 23672 17651 
26522 15251 23375 
31441 27416 3337 
29012 16073 7517 
19195 19328 15746 
7612 26491 25452 
23229 3912 20065 
13916 7235 10227 
18405 28029 16668 
15095 26989 23403 
22786 17013 2211 
29430 28694 11356 
25803 6950 8913 
28301 31316 1149 
11836 9789 13484 
25467 20580 18074 
29273 13416 3336 
6833 3910 27725 
10902 7823 26970 
15172 31574 29606 
4943 17393 18148 
29811 10690 27729 
26595 11102 32390 
11186 29168 12514 
3646 31235 29653 
13549 29739 17486 
10751 14218 20546 
2691 13619 13501 
21378 2679 10620 
18350 26244 7212 
2408 2314 7764 
9043 371 11431 
29567 14863 30660 
8807 28525 30972 
17431 15966 17393 
112 9211 11319 
287 9985 16189 
12755 23902 28999 
20644 1332 17342 
14051 18142 14746 
7307 6335 29115 
2027 1058 11416 
3993 30296 25603 
442 20256 9022 
8744 25355 6447 
14154 23189 31307 
14101 17121 22321 
14490 10501 2751 
14804 10299 16580 
2014 3233 2967 
21669 7833 11414 
28037 7863 20753 
16993 1736 7229 
28880 15733 7385 
350 5036 1374 
15848 5406 20462 
21841 32285 2445 
948 30216 6691 
9278 11156 18893 
8935 19195 3202 
24276 5789 18615 
13556 31693 2821 
24260 6468 23226 
19692 30279 20309 
1534 6389 1512 
11641 2999 20889 
32718 20626 31566 
22125 23498 19832 
24909 24739 4562 
4507 13680 2260 
6322 14058 28414 
23037 15614 20211 
13145 5575 25675 
26955 21204 3595 
4254 22832 1990 
14229 14373 32365 
11229 23080 17701 
5502 22452 451 
21044 21237 8359 
5411 30376 19996 
26854 13705 14159 
32476 30152 19389 
28513 21213 16482 
26195 17842 7663 
13401 19757 556 
27049 20724 28225 
22397 26703 24693 
1948 29965 3833 
14762 12967 30003 
6898 16319 13482 
31656 1631 5206 
14478 6204 12321 
12249 21991 16839 
15100 21519 2354 
32099 26616 3310 
346 1496 28679 
13233 26242 1880 
8425 10282 32254 
17261 16717 13400 
20386 12591 57 
20028 12352 28090 
29611 11241 21868 
4319 27265 24027 
22146 14874 5526 
25481 16107 27076 
19502 28221 5531 
31370 28564 17956 
32222 20254 12801 
1441 21845 2092 
17600 7911 29499 
22160 12688 24519 
27885 15814 25418 
26566 938 23202 
8643 17523 8087 
577 1268 10232 
31750 19775 9048 
28142 26871 25386 
32662 25206 17887 
6711 31072 32645 
6569 16180 17819 
5247 27643 6590 
12736 3080 17338 
180 13954 17431 
28368 4844 7601 
11339 30509 26660 
16222 7811 26891 
20027 6720 9641 
20087 26273 19286 
9934 1037 14348 
10446 8316 19203 
2156 1062 29767 
15465 4898 22417 
28326 430 28524 
25244 257 30311 
15140 31249 25099 
5964 23979 3867 
2130 25219 30496 
12716 13077 3362 
20437 4636 30037 
12783 23555 17939 
30510 23914 10172 
21672 24936 6925 
16162 19914 10058 
26578 26327 28895 
8878 11766 14516 
9900 13915 11772 
30910 21109 27278 
30966 13909 15973 
14298 24576 3503 
10032 29746 32013 
7557 10998 5701 
14566 1292 8043 
17162 29295 32295 
4917 22939 11052 
26587 32405 28998 
23813 21763 26442 
32225 23878 29509 
31666 3679 28906 
24132 26931 22945 
30233 13079 29145 
3470 18159 30715 
1344 5222 14719 
11332 24757 17491 
24856 5274 31384 
11586 29895 5985 
15620 30960 32540 
15737 21427 4424 
15153 11048 4379 
236 17129 9556 
11997 16914 29302 
30454 28000 28561 
