10000
21099
465
30721
19574
7542
9486
11631
18940
22968
9995
880
13139
24032
21322
26826
2112
1648
16599
21164
31295
19393
8246
8921
18971
31047
9626
14600
9147
27159
25432
13195
27711
28326
10394
9008
13900
16340
14424
13925
20643
9001
27780
8095
8953
9310
6533
15100
19715
2079
17895
14119
15312
23567
2641
17788
10587
18445
11703
5484
14945
1206
20944
7971
11888
6954
17355
361
22081
21011
17726
30406
17479
27620
24927
9706
27528
6751
8822
20811
8364
19290
15250
10768
12627
12994
31355
18990
1452
13792
5609
6609
68
7131
11251
9213
4123
10111
1226
7797
10493
32316
28071
10460
5647
114
16386
1818
23209
30444
26885
23297
5475
14762
1344
8497
6515
13283
25758
30008
12854
26954
2712
24830
17676
24721
32424
15201
17769
5931
257
23068
12073
25175
30589
6893
31524
24922
9943
2039
16899
25867
3098
7013
338
28821
27225
26192
14038
14201
24737
7906
17952
15570
7212
22972
23650
30685
31447
29334
18050
8632
12758
26661
28013
4202
19623
12098
27822
17188
6212
16712
30527
967
20125
27070
32414
16805
5701
5942
20516
2444
10860
13172
7315
16129
16141
18131
7662
31433
30056
27365
20365
12974
29875
20570
27760
3711
31501
23587
10196
3673
31411
8151
21508
26149
6006
12629
27506
12898
6253
9643
12294
27173
8679
13110
21686
12893
19363
16139
25943
30300
26436
22934
24754
27027
2815
28289
14555
22173
13463
11223
11710
24448
6283
25706
13819
4911
29070
29042
27124
31827
25655
22390
9507
3402
19194
12912
20914
3440
32343
11564
4677
27550
27985
2033
15899
6641
6690
29283
25429
22221
20269
15528
17301
1825
8244
9162
32459
1516
3019
15708
24652
3328
20748
18017
549
6918
19853
22889
15022
31426
30607
20477
2146
20376
18552
21309
28653
19279
11140
24520
135
28950
17591
16604
29313
2500
9238
18111
5149
11620
14614
15453
30883
1521
6741
24626
7601
12126
30088
25706
31443
22745
15284
14919
12115
2897
23970
11460
16979
14646
11405
3704
10520
31616
13085
32444
1961
8178
6809
2576
24473
27808
28760
10683
8481
15535
24440
26290
21106
23132
13011
9147
16712
14911
13103
21202
29379
31697
13749
6604
17779
21293
28325
10810
31153
16403
23623
20624
5174
13874
24101
32391
20198
6823
19575
21695
3053
15041
9183
28585
32525
8199
6486
31652
310
25980
10854
21606
16984
29217
32155
13214
19829
15548
10036
13015
4858
31960
9757
9376
27983
27917
11554
2282
21421
641
3165
8369
12080
15791
20208
25823
1581
30823
24826
25709
29125
21782
20931
19915
4538
13128
1594
10114
29314
19819
28578
31768
6554
25558
6792
32051
11293
6410
10744
25090
25493
25399
4848
1241
17681
14082
11285
1051
20088
20357
26021
27229
3612
14231
15789
8648
22674
30798
17532
14015
4290
4291
17751
11714
13882
6933
26478
28819
11720
17073
23311
5783
30791
28624
26394
3198
19385
19521
27317
24359
17046
1384
10048
11709
5476
28551
26252
1831
4744
28220
20807
13983
18524
17995
2491
17312
5505
15518
24249
10502
4983
9866
10959
1905
3946
20308
13249
22250
1359
22260
7735
23497
20784
28184
18868
25301
2756
4972
10439
2222
16195
13849
27013
4200
32120
24971
566
3449
26648
22136
30287
25813
16978
13598
26529
26967
10919
7372
18383
5987
30716
25763
15877
13258
27886
20894
5351
20973
13669
28112
17608
1318
25196
25837
28189
16739
22592
2572
22577
12052
25254
27307
18458
30280
25474
4852
17387
17682
20390
26431
5675
5426
28136
14039
9606
29937
3191
27649
29891
22349
8303
32058
24310
12118
938
961
25591
23256
17626
6997
6418
8250
15828
28480
4608
17318
25647
6292
22038
30571
2062
12725
13757
11167
30010
17175
5154
264
10868
27977
31023
25405
6921
29747
32697
3592
11942
3996
29691
527
29550
9455
13891
11443
13898
20030
13803
18233
30080
21127
6283
12583
24968
29494
24941
18929
24603
13036
11585
3541
17804
31103
22034
31236
14427
14658
4985
31746
29448
31110
27409
28751
22565
27232
1322
29767
3247
26029
14786
3911
3230
340
27057
30481
28091
5835
30755
29554
17586
25565
30795
9506
24680
10410
25430
13291
20366
26351
27294
10253
25719
9863
14881
29410
11046
25394
16177
27326
1452
1942
18285
15897
25265
6531
3055
8688
16976
31611
31943
16232
32040
26482
24744
9397
431
1746
7394
15674
31690
19394
14736
5361
6811
28584
30227
27406
26778
15084
447
22495
27112
31232
11475
2551
29920
17309
9647
24203
30958
29775
5697
22812
10148
819
13761
15958
13322
5119
8862
22073
7222
27204
6328
6518
12573
8688
22479
19996
20649
20759
20027
22387
1548
30451
23518
15656
1107
23593
16728
11691
12094
18509
3961
32726
9807
12457
11004
30671
1569
17466
14450
21295
21499
30972
1148
24676
18341
32360
15421
9556
26490
14650
2575
22850
10943
11383
27253
13814
5683
29615
19794
25624
1767
12927
22360
1758
8016
7515
22466
10983
2715
32650
17990
7270
2624
25202
23877
26754
474
14870
9286
3581
30006
15069
32418
8468
11434
15509
4736
26279
29608
20151
7172
10906
9618
25069
196
21883
31952
10961
14204
1381
22561
8696
22530
11812
27182
17711
26492
1177
1893
32260
13520
14688
1540
20873
22876
18097
25716
15700
12776
21892
10713
26058
25560
32249
13543
31134
17062
26358
27895
28308
10640
2322
2394
31627
7566
6322
25325
29626
19335
23409
1005
26426
14020
27846
27149
11460
11173
13793
11974
14525
19091
7381
2543
25967
16181
12028
25229
4250
30695
19095
25068
12843
29032
2998
15599
20555
27346
88
10148
29851
5584
26578
10011
1726
5899
373
13689
12313
27365
11883
27720
11478
618
27362
10513
11823
11395
25197
24621
12777
8045
9126
4568
29470
13930
14105
5511
22592
14263
7517
12156
603
14013
30852
9367
24986
26251
25782
16495
29453
28804
17432
417
2985
9045
498
24680
21649
3627
4370
25454
23700
23586
10603
30434
25334
1024
2306
14795
16243
8227
15371
13724
2945
696
12366
13320
28886
23086
6096
10007
16682
31210
24240
22394
15166
6973
14415
19740
8477
10899
1971
9721
929
29933
10030
20275
26426
18833
21306
21602
9707
25599
15528
14636
12949
12840
1530
4375
8568
19163
12301
18842
6647
10368
14843
23162
5531
31752
30783
20564
4187
11300
26394
25973
3611
21685
31798
7410
6514
23172
15242
5110
8112
26420
4989
32086
20000
24949
17486
31595
21642
13690
22195
19488
12540
428
26048
31562
26826
31648
16395
3896
21204
8518
9230
25483
22279
2660
7116
9800
18215
28227
15288
11052
13515
12713
18642
2368
26793
4358
2579
13997
24339
15090
18699
5840
28098
28375
17865
11921
30419
29675
8699
29425
19727
31842
1878
26083
11631
18657
3384
30045
29151
8245
8588
20654
24899
28485
30959
10258
16568
9541
18960
2692
2588
8237
22621
21971
27600
15722
4572
27896
30140
25299
17494
10407
6036
5086
11707
13860
21594
26388
27586
22616
20261
28610
3792
16164
5408
28658
21531
26869
18645
26265
19215
17049
4780
19986
27121
31057
31406
7883
21954
13095
3983
27199
24934
8577
32492
8740
2053
8695
721
24549
26290
24930
18558
16466
31050
13621
13419
10135
7839
7953
10121
362
10198
11923
10699
20873
30478
13681
7653
10340
28995
453
25172
20502
18289
4776
926
17818
23292
31491
25563
21052
16719
26274
31604
22861
10947
30090
5931
11803
12483
24973
14171
1569
20271
8731
29825
23418
3325
603
3324
21404
6182
23930
17
32322
22720
30020
23090
170
16231
5873
5760
257
21218
577
14734
26140
16644
18123
2408
16232
30415
2961
1748
26916
992
29913
3031
16589
19719
7224
13179
32218
21045
20208
28368
682
2971
1660
27441
14779
8720
20328
11720
21276
1715
4710
2133
30245
11730
29599
19242
15205
28939
15431
22650
732
23729
628
31956
31338
27762
816
12523
26760
31542
25292
10392
3894
27209
18296
21282
15156
17341
529
12476
21365
23562
14650
8527
31953
14072
19118
4218
9722
13247
22229
8920
4017
17516
10901
18561
9530
13446
31594
22739
14605
17138
10681
7026
31182
4884
32097
25229
13183
14647
4244
6755
12533
26159
23781
29190
20872
30268
7841
351
9999
26418
611
4211
12300
31191
20707
25572
547
653
3343
12987
30929
11569
14429
10596
15450
14402
12639
7674
13571
27462
24728
22982
16002
19561
10126
7170
12211
22888
17952
14818
2700
18349
10778
32725
26707
4028
23815
14344
30222
18381
1094
31275
5436
4538
10080
10361
29890
8220
12441
15858
13864
5809
23493
20971
29445
18946
1885
29897
14008
8770
7122
18954
16473
9592
32033
901
8432
27873
15016
8690
2532
2447
28984
7852
24502
7255
4971
25270
25838
9450
3128
12028
4438
19522
28612
23004
26983
11840
11899
1509
27137
26259
32352
13791
23647
25819
28321
25099
9801
19470
22895
29356
27275
24859
10252
17349
3495
19662
7462
5669
29383
13556
6499
4513
1269
28863
3645
15521
24718
23660
4880
3294
12532
4130
20593
30057
5764
32286
13762
5616
10440
15373
11523
28477
26861
31673
16619
16639
14455
30440
26936
29901
10291
21121
28995
14952
13165
15601
11479
14656
15204
19405
28483
31546
22267
23737
30894
29873
19121
32136
19883
19899
15571
8101
11534
20653
31217
6833
6141
8673
23950
17005
8266
9398
13083
5083
28928
12761
8999
15776
17723
707
208
1965
16701
30339
2941
24094
25023
5054
30927
866
30085
27636
23252
11677
21813
17412
13950
4938
19817
9715
24148
11045
28419
16361
25960
9032
14785
13436
16009
21396
21777
16433
23481
12114
19238
22592
25058
31258
31307
9880
17604
17396
12407
1827
24370
28862
9506
27211
23422
20174
17752
16573
50
216
1548
21613
13568
16145
12462
13018
21500
13204
24064
3219
6921
30213
4901
11770
20881
27253
13562
30024
30330
1926
17834
27089
2645
18384
8317
22666
18904
19075
10225
6600
27790
26445
6668
25674
15309
14718
32496
20858
5609
26218
26032
30448
12711
8974
25442
14648
13812
15607
2166
15317
31191
10848
16454
4741
165
26011
20205
6087
1652
6066
24925
3227
12497
22093
25516
25993
14262
30934
4527
26852
6838
18652
30154
592
13947
4533
18950
28546
20082
21352
28516
10823
24261
7370
28530
13256
19082
20710
15387
9484
14906
23458
8643
10430
15972
6560
8084
16945
2722
30563
6674
1441
23757
2995
7158
9660
25709
12610
6457
31328
15987
25487
26735
25767
22827
25355
26198
13345
21612
25723
30639
29024
12818
20381
23884
12730
27309
20750
3691
22602
14971
17259
3394
26680
14996
13238
27099
19514
6757
1276
26402
14171
3423
30517
30269
764
16624
5484
31771
11800
28339
20256
5456
25036
24292
16617
19488
7958
28438
28767
29913
31197
28968
32567
9319
1329
30325
6575
29986
21717
23371
9261
3562
14330
9887
27682
8054
4430
4606
24629
19433
28725
19911
5022
11430
20310
21912
4303
27238
7258
26886
16218
7048
27888
31889
24847
23720
1301
14038
27236
22386
4754
19975
14875
11192
16838
22937
29726
28355
4005
27708
942
13543
32001
2576
2236
22874
1801
20246
13463
30791
2319
23013
22984
20253
27534
20126
13114
30509
17515
1569
9887
11892
19579
15745
1550
8885
20038
22966
5361
29388
29194
5010
21534
23102
2819
8183
22852
15124
18922
10310
13705
31210
30908
10010
12145
24643
9148
32055
21506
31007
21435
21181
8998
7120
15767
6306
23376
6409
2818
15966
10338
15928
8324
28648
14799
8981
1219
28642
1020
30075
19715
25104
12525
14200
13033
6671
1053
9120
14212
16964
13741
11174
30606
28434
2241
17709
5358
29264
8488
30939
22914
762
23611
26543
30492
3366
12551
14997
2250
15930
23470
12344
14683
8541
22538
15640
13086
24619
28564
29148
15597
31661
24196
7145
10346
4488
21562
21555
30089
372
21213
28755
20303
1776
12866
2523
17881
6965
18959
4070
27039
13160
1824
5875
11258
12051
28713
23283
10468
2774
23965
10144
15871
11098
26831
6929
4826
21639
22104
30347
30319
8439
32696
29083
13808
3498
64
17249
20675
28155
10543
22063
11723
23506
283
22867
13801
30748
21138
9520
30658
3960
3586
9620
14531
30515
726
15941
5987
13943
13282
24029
8872
20415
19201
13016
2797
16014
28668
14060
20450
32097
1710
1177
4052
10210
6246
11008
23599
3422
27789
29688
14145
18297
5257
20575
8000
10529
28384
24238
19087
6592
26017
16336
31037
12470
27648
11829
32719
9478
32576
2850
28479
25935
11990
22091
32324
27647
28619
17315
6100
9155
16226
25459
13031
28738
22779
4265
22399
12042
823
6515
29925
17610
14429
22029
27957
2755
11772
8664
31260
12409
32722
27307
20193
26030
493
19053
7074
24720
32272
24292
21985
5170
24664
21448
27199
11065
5919
21276
15238
6872
10785
20414
4845
25086
19677
24124
26008
18637
28735
4073
4959
13391
6011
1072
720
25188
29756
9257
15991
8703
3582
15466
30557
23442
30904
26912
4302
32199
24255
2142
6495
8817
25063
9908
21808
32706
6123
6660
15727
31166
9743
16017
6429
26607
16387
2649
4885
25435
3595
27301
29002
12467
15965
8158
20816
6861
17866
2978
3614
20820
5025
9495
13074
8127
15569
1919
8245
4223
25165
20237
17345
20605
22197
14327
3296
26307
18226
13261
31671
5241
27554
26889
29347
28948
501
20711
11458
5834
6358
26487
32182
29513
28046
8688
16037
4264
24870
8007
3204
27294
18636
18176
15254
9202
7545
19013
9263
12338
20176
15157
11454
17832
15688
11902
13578
11146
8077
6958
18108
14449
22308
27846
12062
5388
30798
31632
26146
5910
2352
24371
26278
18565
15408
20357
23542
28421
10658
1952
18579
10148
19620
24376
2611
27343
18246
3628
24328
3197
12783
20058
20549
3242
31228
20408
9695
19463
5033
12961
18320
30960
821
31852
12066
18590
321
14915
20458
20638
15994
17970
6035
5249
2679
25215
27677
7126
25060
7994
19236
9301
10209
15892
28262
17501
3749
2165
6528
4513
29543
19400
29944
8222
12670
28698
6784
27984
12487
23779
13945
2981
13127
8227
25271
8754
9745
2993
7812
5284
31082
15568
2023
26490
17452
16900
14886
13426
13928
21284
30089
17217
8015
20399
29793
6791
2643
30563
4425
7426
14217
4364
8876
1794
29522
29595
12167
24605
4410
9591
24944
13603
3616
1560
22488
11861
7576
13777
16525
21969
9869
12269
22914
8785
29483
19198
16339
6677
6139
4978
12292
8734
22096
13415
7050
19869
32227
25281
14220
16811
4538
32377
26858
314
13390
24119
12671
13644
7916
31012
675
17763
10332
25337
6388
21560
7873
20061
17751
29871
30912
2413
18233
11019
8676
10396
7195
3678
26177
21437
26701
7748
16728
26974
23801
8401
5179
27736
16228
7368
1778
28580
30065
17422
6428
29808
15207
25182
9689
28274
26355
9277
24296
25213
23409
18993
781
21330
4967
7214
21430
28856
25426
12625
3549
15567
22950
24529
27184
7073
24592
26930
26736
250
510
14011
27159
12410
31841
14891
24637
17384
31409
18088
4284
27593
9522
30200
13971
7729
25719
28147
392
10202
32292
6712
14610
21363
28408
11808
1653
6970
9738
752
10799
6349
1362
9811
8339
10045
19308
11527
31156
27493
19097
7638
26756
13946
4359
2248
19773
30435
26194
7831
16128
11082
16970
23651
22716
3059
8439
8103
19794
24140
22490
13932
1783
9926
20598
16316
21977
11492
19471
28762
29189
1425
5298
4016
21640
6071
16245
16649
11220
20237
25600
27904
28518
28977
27980
24376
22182
18678
26539
27726
14095
7167
28681
13324
3471
7821
10353
21472
14129
22933
21971
7564
7417
14102
2820
9758
22287
10409
1286
16675
2849
7258
7306
15384
2562
13238
28851
28193
28823
28965
12061
28670
20467
20346
7454
4154
8385
30665
17995
22437
1506
2424
29758
12805
8792
10393
21399
3849
1635
18039
27201
3966
30697
22639
17143
4805
6683
28930
29190
14469
14422
28456
22356
10909
14407
14310
16801
17245
30547
11810
22285
25589
5942
23735
26330
3885
32234
1733
2164
7255
3274
4682
11182
5762
21239
247
32335
7153
16123
27452
19149
20940
5036
12710
13400
16404
9299
22634
29722
10716
7182
16706
31678
13751
21619
14199
8495
31341
32630
575
14242
17394
10381
29002
14806
9368
20754
6040
27034
9859
11240
10381
2193
12637
15457
11079
3634
30796
23647
30767
32530
1057
28090
13518
18790
11731
15074
16867
19139
7467
19142
20402
25385
8128
11252
3230
14656
27686
31489
8698
5089
9571
10283
29469
27864
12962
16445
21172
8425
16172
15539
8797
24849
30355
7967
4209
18701
20784
23499
26656
16161
1232
22432
10180
274
28075
32070
20847
628
918
11661
10694
44
12153
3852
22803
27949
5378
264
8853
7301
9371
13719
9755
19613
2458
14084
24529
30652
18616
23670
23129
3534
8901
29133
18205
31588
3994
5837
28900
8699
25934
6526
15524
9601
32685
20434
11415
13077
31717
13449
6545
9487
23683
19282
5777
10304
10654
4147
12950
18043
24914
30250
3252
31315
19569
14613
28262
12327
2932
1743
24614
22620
28600
17308
27707
28394
29927
28103
979
7194
28339
25737
14929
21134
16075
5677
19176
3713
9991
22898
7273
6736
3046
30257
14169
31801
15163
8511
25159
29027
2851
28565
22620
6687
25914
1198
20020
15214
4623
49
14572
14787
22741
28368
2941
12554
18267
17008
24136
19944
13886
5514
13554
19525
23901
15825
22129
16136
3213
29205
27495
1313
23694
1895
22191
4045
27710
2430
31798
24085
32269
12889
27149
20888
2481
1318
6076
16523
5659
4195
12248
26878
28585
6979
6104
10593
3741
16979
10788
8774
16846
18269
22127
9577
29085
6284
7239
5613
3883
21202
5098
7656
969
17287
31068
23842
13488
11603
28086
29978
28403
21581
25281
5706
20401
5476
25795
29356
31887
3327
13977
14717
16485
4320
29702
65
24632
334
11851
15623
15465
13683
14072
13806
4651
1795
3329
2536
28986
16670
8212
14014
14795
30328
24106
16469
14014
695
16221
23855
10267
15132
17401
19508
20924
4710
6357
14259
25159
13299
21988
18852
18016
23081
2823
21808
15388
25620
3877
14707
15032
28240
17790
24960
651
29482
19772
1445
26937
13826
20299
4593
13866
32244
24171
22004
9018
25527
7556
25030
21938
14020
8249
13387
25464
15803
14783
7860
14466
22019
11760
329
28816
14001
30875
17766
31003
23212
7967
14532
3976
22030
16440
11770
28578
6861
22040
1604
17991
28826
24250
2178
15457
9225
24179
10628
11801
12531
28874
10628
25159
27673
23433
10996
22060
28681
22548
9851
29027
20806
1786
24634
13845
23971
16842
16979
16749
27376
16168
16556
12363
30936
15647
10736
15421
10762
9657
2519
9387
22679
25037
168
14417
18843
19993
13308
4850
17440
1680
15556
25419
3903
31733
13965
19783
7048
1961
21507
15473
23461
29122
7348
15022
4153
7516
14359
7980
2830
20276
27085
10646
11632
17011
8998
23946
9684
32711
19943
12876
12478
10936
13387
27324
24801
14650
10823
10629
12935
18814
23570
5528
28211
2574
26085
8921
7813
26649
6400
21271
7519
30731
4589
834
31814
19553
1032
6360
19467
11964
24127
9121
1962
28468
11543
18332
9842
15854
24047
825
6502
17137
18313
9672
14308
26677
7110
2610
24452
2557
9905
27111
19267
359
32447
23575
26081
15682
2646
21797
7047
23839
32395
14937
28333
683
15152
24021
21563
19772
10254
30410
6894
13225
30575
27115
25086
12383
29152
30242
25342
29617
12084
6530
4867
4208
24780
17022
24328
22204
4374
8536
1937
20761
31828
11740
24463
6086
26271
13645
29316
28234
4907
1184
21991
24399
16588
744
10698
19123
20409
20498
3258
6621
29841
15314
1767
3661
7323
10461
12421
24183
26450
12377
6001
5330
22817
6545
10264
25900
11115
31214
7573
27712
24014
4387
15641
3466
27817
13735
24720
25434
20699
25960
5249
29992
11470
20158
19766
10279
19125
26013
30494
7708
20497
22800
26223
30321
19066
31970
27151
9605
31132
31646
1461
22087
31360
25787
5964
2563
14349
27408
27544
27260
17614
26510
1563
570
501
29741
8250
20261
14240
13095
9116
25427
604
5733
9171
2079
14823
15158
6974
6011
13627
11847
28461
32647
4039
11216
32583
9314
21504
12299
17449
5183
12056
27626
16720
16828
4621
29193
20025
14448
25574
12258
31430
32707
10554
1856
4836
8195
17649
7158
1387
32180
13902
10704
12870
32551
30766
30410
25555
12366
25994
13696
30604
22734
18243
27622
31208
14422
28447
12857
14716
23855
1038
24117
5478
18709
25523
28297
2795
22598
15647
19080
18015
7896
18656
10785
15173
12367
16954
14865
1976
1391
1460
20567
9994
29775
30935
17640
14250
28335
7986
17061
22603
31371
161
9354
24642
6385
17615
13096
30512
3855
10234
22101
20450
17808
11510
3874
2677
12841
12405
19981
446
32622
16773
31096
2025
26347
25434
14426
22111
29040
7246
21813
13550
4524
30246
19784
7204
19709
21399
24581
22267
26247
16137
12997
26556
16516
5786
23739
13341
26586
14694
28454
15532
32243
6662
19915
25457
29897
23126
27555
1487
20800
21627
16337
28076
26553
13605
1750
24018
18148
2834
9224
15764
17621
28628
14145
10164
25179
11731
15060
24708
30861
1941
15813
30540
25765
1085
3641
5868
9746
25938
26667
18882
8904
10690
31841
13518
1499
16935
25502
3604
27724
23112
21018
21058
21539
23523
7983
32147
445
3754
30037
19443
20328
31115
15952
17508
6957
26932
8104
5024
18157
16343
7002
31232
32432
29226
10445
20636
14649
21939
23047
27060
9950
9282
24865
20559
662
22719
2552
11041
31060
18725
31782
18098
7059
8655
22833
2749
3378
9715
2817
24278
26499
22892
22168
16976
415
30652
1789
7006
4860
23633
17529
376
25665
16391
27654
1793
600
28655
31493
17958
10181
24911
25391
13577
20535
18153
23246
1311
10845
2944
32045
4566
23547
21913
20301
8828
19517
30847
31961
860
26699
30345
24924
14890
5661
30879
12722
22945
18833
24315
22973
14442
28603
20269
25177
3904
9340
25442
29585
16978
26198
24293
18195
23016
15486
3046
7905
28234
819
9851
5194
2782
21071
30948
21273
19600
12828
3347
5388
16246
4712
5996
29063
16308
14300
32457
21898
24990
5001
9665
14305
9501
14532
22826
23962
30804
25908
2012
17084
19843
20265
10168
31542
18475
11823
27625
8214
17779
12772
12394
7419
17354
23302
16072
29133
28110
27344
20522
15531
19564
23687
28814
8229
25673
7504
10069
22956
16993
30276
2306
7238
15343
23750
5695
903
25996
7444
3105
12988
1434
4893
2476
29801
1507
26003
11930
28150
10366
30528
5976
15269
1011
669
23122
2247
2718
5025
27248
30768
8537
21463
736
28904
2389
23731
23
8995
8521
1062
18962
22899
16847
22384
13282
27197
14602
14390
29799
23914
10637
20436
7260
6750
20600
19700
11667
12846
30436
8032
14210
6669
4738
9748
7423
27144
22910
920
26440
29684
19882
3212
19014
18084
728
1156
15891
29023
9351
7447
20921
7056
32451
27443
6973
17600
3654
18099
26844
16578
23523
18484
6036
17453
10021
22820
13030
5392
9267
2587
16859
13280
20726
9071
25925
4277
9598
9219
11079
8374
9122
8799
15383
26578
2535
17414
17411
19122
11684
16131
16050
15595
16483
6598
1965
8055
1161
7470
21533
25446
13626
11495
31191
17617
9591
31222
10133
12816
23177
17298
29318
13100
9635
6710
23818
26007
195
22772
15030
24603
13017
18700
5535
4881
32555
9149
30933
30931
25592
26203
17453
10868
11355
11426
27972
11438
22899
1354
20928
2331
9921
29915
32473
1960
11729
6851
4633
7240
27933
11430
5983
23781
13870
15349
2090
5020
18180
31170
20500
16681
4792
27859
31389
9120
32096
19957
28202
5471
3891
32402
22606
22592
25326
19846
12103
8467
21366
32303
27852
30539
11454
17859
26118
15607
25579
13031
25820
29428
6838
13181
26227
3425
29202
11453
8949
27732
28687
22919
17042
19659
31999
25335
25541
17894
15319
26427
22233
9811
16856
25249
12971
17929
29038
12020
9905
8249
31832
3337
11835
18817
20745
27797
2297
5732
30542
26177
7358
1527
8242
7169
9347
17628
27935
29601
20655
23668
12869
24481
15510
25169
14399
10818
23871
15338
16628
30433
19818
19091
21436
28036
6865
5036
5317
17587
30895
14616
11188
7561
31615
22001
32143
26122
16902
4985
15834
13751
12179
2644
6912
22624
7046
17397
2549
31546
6671
28759
29978
12337
16952
9197
21089
15231
5414
12763
25777
24446
27291
30310
11404
6842
1728
9641
19439
3147
15650
29322
24953
29282
17658
8685
7888
30497
8881
24104
7745
16304
19107
24246
15270
29069
24868
14383
29837
8739
15296
26743
5014
25759
1991
29494
11037
27135
14858
8841
8985
26475
11231
16376
24132
14025
2411
22951
14973
25996
29984
26576
28778
9676
1156
26224
5729
21916
31284
14145
19081
4248
24873
24553
18492
32701
27963
30833
27824
23422
17635
24056
28375
21523
6213
32169
20099
21525
10606
19434
16078
20808
10714
15318
4025
8120
4409
19182
23315
31495
20850
29963
30877
14853
3049
9368
32107
24705
11262
29437
19085
863
2774
19806
28399
13035
93
20870
24702
24429
1419
30494
20620
27646
19431
22819
8054
25497
28234
13207
13188
1141
7910
26998
14096
5522
30342
9963
491
14994
18711
29636
12796
14795
9064
18980
14122
26778
22062
1399
22141
12794
12875
15787
26751
27477
23120
25246
22249
27546
19776
11218
7547
6287
3735
12392
21036
24169
3978
15180
30851
17818
15761
12205
9285
6890
23075
4528
12112
24009
32704
1893
1735
26851
30773
26106
21359
2294
18460
7982
345
30176
5026
8969
27330
25085
16525
2506
10807
5039
31101
6690
22525
15678
30321
32671
13999
1763
11918
17771
4905
32543
22300
26934
23461
25937
21458
6769
12836
648
31827
31165
32272
1174
23288
27811
16671
3942
18640
22917
13178
30863
2789
24532
27423
24872
21697
24708
4739
8671
21553
27325
29308
15685
10825
24788
21343
19564
30120
27001
31077
6580
20990
306
16468
24034
28875
16392
6747
21362
12137
10111
30269
5167
20044
3276
20658
29952
11657
29507
29962
21509
12949
27407
12563
3298
15183
18469
61
1883
16961
17787
29180
5154
6179
26740
20334
3052
22177
14495
17470
25802
28767
8098
3784
12727
569
1393
31613
16493
18895
31940
12169
18814
25921
5063
1716
26271
16439
7443
2182
17223
21029
1245
14511
15225
4557
1645
18086
23773
16901
21970
24719
32278
31674
4565
11618
24656
6453
4651
12874
3864
26269
26095
10059
29297
15293
5711
32552
18212
25352
389
9860
29015
29146
25097
15943
23905
30209
22020
21827
25309
7292
31496
25880
24061
13698
29183
5716
29474
14791
24418
4063
12457
13562
15276
21911
775
14738
2061
31287
12056
16842
15202
10365
18100
8682
31589
18316
19332
28617
30241
16015
29715
912
28586
7071
18216
30144
22538
8679
340
15991
32126
773
30919
23023
12003
18356
29543
5703
25195
11176
8996
28294
13460
28858
15493
5853
21339
27973
23431
7724
10668
22992
10920
18632
24350
8685
63
2172
32733
15456
26126
13773
24807
20100
16154
28290
5244
7915
32699
15716
719
6981
11247
28483
31490
30083
4083
14649
20561
7228
26389
5171
22414
4687
25796
29100
22733
27082
21481
11708
18784
26122
16506
25170
25094
2340
24395
32701
25951
4228
10280
20082
10915
9428
22050
15881
16532
16672
16934
9608
15537
5431
19412
22756
2733
26452
17549
14277
20511
14589
4302
6538
14459
13100
29629
14989
15681
7597
14594
3752
15988
26055
12504
7416
32590
30750
12900
18656
23346
29144
6213
11345
18146
27903
27500
26441
29170
27686
12334
2202
7293
10576
2455
29677
29974
19469
9986
26886
4865
19174
12262
4170
24740
31739
8691
12414
2616
6379
21854
29137
17604
14836
7033
21021
332
3164
11142
11882
24645
18447
20941
1460
31053
10377
5356
22766
19225
27894
17775
19526
26543
9112
11168
28075
12501
17514
18336
17548
14537
24323
22455
3811
6962
24508
6377
20339
25175
12309
30154
4429
19599
13909
6035
1177
1528
30833
3444
22675
10860
26159
32300
30420
9137
3723
6104
979
14320
17498
12808
18603
23657
30253
22040
27167
8292
15736
8638
4315
17515
26868
14303
26364
20918
1601
13223
3795
17895
11984
20952
30438
9976
7168
17506
12088
4977
18055
25653
9163
8926
5396
13651
24674
10880
24115
28969
16779
14915
16752
2847
14045
26096
7103
25454
31359
11940
6939
7217
25066
8321
13678
17600
11247
30883
1713
20281
28667
26453
23124
1119
4762
17029
25568
27048
25402
15478
27355
19857
18226
29365
28140
28213
5634
26958
319
28190
2780
17983
27691
2907
28516
24877
18962
19666
25525
31574
12937
6616
26532
13255
11449
28671
2376
3023
29189
11055
23738
4019
17390
5113
8473
30627
22835
10279
14033
21741
9788
20888
19229
8049
1208
32587
23755
14165
32390
21689
32320
12026
16337
25448
30907
28974
29824
8893
13534
6051
5325
6674
3178
1439
25907
28936
26954
6902
11662
23070
21971
4918
27518
2947
25162
25889
1036
14889
934
13920
14480
19227
20376
14197
25298
12048
14793
31730
15471
7232
13923
8936
13694
6774
26066
25507
7796
5479
11724
21140
10565
26946
25486
29327
1484
7560
27497
26167
7533
16926
29054
21942
12793
8865
8134
23729
25553
17401
30037
5242
25423
24625
8927
3720
20833
21637
4219
21285
4983
13757
28839
14439
7840
32442
1164
9569
32239
3407
30084
5530
6180
24914
26586
28863
30856
20978
10961
2708
7961
11594
10727
24368
7143
30263
858
24426
31166
13415
26604
24975
15365
2739
10211
2646
29670
1967
4437
16917
12464
25727
930
2612
20345
9708
23618
18146
28167
21431
8385
20744
1265
14892
2567
25723
27905
27131
21725
15990
21469
27204
31661
71
25574
20721
15753
10824
9057
13640
5743
17169
20181
12480
3276
32492
12979
25108
30782
31626
18492
9879
9630
25588
6560
32199
31806
4291
12643
19236
2159
30868
6405
27203
3911
1207
10978
18718
4001
7719
15191
31918
21604
1727
23846
956
31753
21162
17692
11252
6487
5660
4337
19771
20849
6975
30063
20290
6931
13425
6102
11611
793
32428
5760
27788
6721
10309
1217
14306
28721
4058
24081
5896
16316
20358
13421
29464
12385
2134
7674
23985
20756
513
9708
20042
12354
29395
17574
18886
13583
1003
8994
10312
7650
26022
11668
27976
18467
2139
14666
26087
9539
19785
16855
383
253
17357
368
6271
31964
18137
26774
5494
25854
3745
14582
13421
16919
2711
18317
19578
19640
6042
10767
22418
9682
26218
21386
11423
30838
9824
25670
8146
26846
18524
12529
32059
29873
28158
17656
4503
10371
22809
25656
13673
20123
28516
20438
3660
31482
9843
21099
31367
6297
27622
22373
23266
23537
24033
4522
11960
16064
26556
30078
13902
26891
5883
2470
3939
11103
15488
21453
8
28253
11775
25640
25522
15222
15283
17494
28302
17138
11855
19850
15124
823
24888
10731
21983
30024
19697
1339
15292
25228
5590
12471
32257
18385
29454
15935
288
27024
443
22199
2427
32114
22643
20397
2682
3348
28404
17468
27611
30215
11795
13616
14666
11036
15350
29802
28722
6878
22659
24455
24530
24415
24088
11708
20371
6968
14973
21764
24473
10187
29719
19070
22424
30923
3934
8720
22505
22783
26769
20817
8413
25666
21928
6566
25681
25295
9354
23979
21890
27067
18816
26068
27427
25795
20969
22612
1965
27976
28464
26685
31735
4760
11772
32745
6150
30575
11686
27290
15910
26814
27632
16733
11321
20906
30964
7988
28496
12504
10074
24691
13688
29416
3278
29035
29143
22079
26289
28742
1783
15370
14095
9778
27489
2687
11730
7106
31854
1126
12853
19600
29530
14809
8315
15912
12442
30280
4064
32289
20847
20416
13520
19341
17340
15212
13143
28564
19477
19292
30169
2395
12824
31109
23555
20779
1792
9225
22017
5839
14967
7865
16369
32573
29100
32216
4504
17785
21670
32290
13908
695
17880
11789
8530
16832
14325
15439
29185
24982
5637
4000
15559
2907
29113
3009
19442
16239
27643
10173
27889
15833
3018
14703
7620
19944
30533
6724
11953
10521
17157
2371
11321
3388
19376
28234
9546
14803
19915
25242
8630
23739
12240
8853
23780
12814
12929
19655
6342
23367
31611
4644
7434
12711
11790
15248
13973
6104
1612
10405
19245
3793
10848
11184
21877
4601
9762
26364
23839
32399
17640
3924
16221
2633
15774
14275
23448
3387
25881
2718
30821
8955
23208
5060
29877
26371
25324
37
6475
20566
25834
30337
7796
28775
15711
28018
14834
6454
23635
8877
18745
11964
24817
6021
27614
10121
10134
14001
8780
172
32296
1870
17593
10451
29353
4392
26200
9907
28684
22069
30928
32426
7495
1378
17390
7075
12969
19090
1430
16187
14702
24548
19968
15650
27025
17461
27681
1475
6625
15079
32358
17447
30295
30944
31656
4886
28839
8917
18525
3456
7957
200
11275
15900
32138
2767
15107
12879
17639
13080
2123
13391
19609
4394
13276
28808
10862
21101
10509
2623
1190
5101
8528
25461
19022
2395
16156
7182
17865
5461
21802
3122
15792
14054
11748
15860
6108
28753
26395
10801
12992
2826
13816
15547
26876
23814
10037
25527
29488
29492
12172
11844
7182
17740
8304
15966
31412
22215
21756
4609
10040
26926
11049
26513
7556
9112
7491
16761
16996
21359
3998
19731
16093
10866
9861
12488
9665
7680
14451
1400
6016
19347
12422
32539
22593
1675
30000
2217
3121
29485
10032
22328
3611
21227
19648
14436
5178
26085
15632
8180
5963
1457
24564
14523
12261
23895
5593
31931
24077
25248
23550
6289
28422
29841
225
7693
30054
17202
31991
18976
1903
25748
17311
25083
14235
15121
8281
27509
31609
4310
29747
17581
29880
3231
26501
24305
20609
25538
25566
8415
12555
28015
27198
13258
21865
31542
6534
16480
29606
6857
31020
24201
30995
9476
23603
15506
9440
15914
28763
16778
12522
11122
19861
12012
31956
8642
6585
1407
28505
29114
5243
12667
480
13556
8092
16877
10833
24714
5981
12124
5928
24793
3897
30125
29128
8837
18131
1348
6929
11454
27438
20332
5684
12481
30748
29177
5574
12961
19961
17964
24340
12103
20376
22230
30647
25527
7294
448
20840
6550
15182
18507
26645
7401
18565
4948
1588
16160
32103
28250
9047
2899
9018
32227
4352
4043
18097
13595
27063
24772
16299
3775
30299
14449
24862
19769
32182
22593
25933
1549
12883
3937
27202
31859
12948
2690
4728
3909
20223
20700
7640
15900
2777
4723
3814
2487
2806
11161
12349
13212
26319
436
3641
8449
4053
7489
14579
25836
17157
9497
25202
13722
14525
7923
11551
20766
1742
6443
15994
5450
26834
8642
27148
20178
25280
11941
2204
943
29117
23346
20390
15554
16181
7928
15625
4794
2603
25022
27392
567
15053
4295
24659
19247
21580
6485
12495
24466
14570
27756
499
9513
29781
28632
18412
3780
51
114
20164
20628
14078
27038
25558
13270
26898
30232
13189
19889
18436
32241
12077
7522
7222
5588
3930
21910
30888
17294
17976
21783
24849
23501
30283
4779
5679
27944
16736
58
31835
23648
964
10542
20576
5606
20403
4127
7821
30877
15635
4016
12297
24032
24931
17076
25191
25287
1006
14230
7546
22182
25156
29431
23403
29399
6378
1432
30472
16314
1105
14715
13407
19193
11781
6725
14220
4881
6695
23783
24015
19470
2333
27261
11490
24981
392
4726
19593
23080
13942
10230
15978
32678
7642
3704
18463
28945
19257
31160
17290
404
25253
25808
18792
2245
14319
1185
27177
2087
28185
14708
26880
18931
11018
17377
11574
23832
13189
16625
24003
4736
860
12671
23327
24469
13793
4324
2902
18948
21150
16083
11355
16576
21062
16513
8350
1611
28651
7433
27104
4145
6768
22800
17990
32725
6722
21924
9133
6255
16195
5738
23870
22102
11015
13049
30530
2939
2883
30593
19767
9526
22658
30896
26147
32582
27930
7894
25384
26643
2143
27719
15449
14901
4630
769
16332
12090
12845
11662
1776
20388
4265
28460
22049
9266
20959
24364
6778
3169
8935
21400
31211
24113
27214
7960
10635
13100
28939
26134
32303
1701
6068
20257
27451
2366
27634
4751
25528
19885
12851
11623
20903
12991
14238
15230
6037
11932
76
15583
20592
24398
9653
19056
16793
1149
31080
32211
13114
18044
16384
4235
8922
28298
6227
30304
1071
29777
25324
30468
1075
1203
15804
2806
634
26054
26636
32679
13506
23581
8886
9948
10444
30026
24725
5459
6250
23456
23354
13481
17370
5950
24544
11387
18002
24649
26786
26316
6364
26232
21996
13222
14180
12758
23600
20484
7183
195
31194
21488
1231
18236
2437
19433
14133
13149
17519
391
13958
23332
18730
14178
8208
30584
31381
23599
8638
20586
19211
31020
16107
16058
18394
24511
22388
26269
30967
23129
9489
4029
26864
25761
8933
16002
26913
11983
4947
29328
26155
28757
6164
11921
24738
19909
4230
11572
24070
21999
12871
26485
26101
23113
4099
20512
24478
9877
650
26768
25465
23485
10278
4797
21814
29186
28203
17526
23027
9813
22735
32746
32433
22277
32060
13677
8969
5019
25060
29305
31771
25603
14613
499
17352
2796
10701
25008
26657
18288
6863
12600
20254
23032
13302
32202
660
20570
2506
4000
22625
23877
10065
7283
27369
16095
27176
834
30151
30892
25809
30032
27324
25778
15183
12396
21227
24539
11760
11892
20553
5530
18027
28188
21327
11985
23338
14572
22770
26611
23785
2696
17620
21094
8832
32052
11196
17707
9981
24471
8772
16576
28150
22463
25553
19013
542
14182
26056
479
16917
25972
11007
30810
28549
197
27506
2066
13418
8235
25656
13587
4785
21431
25525
22655
29189
19252
26128
6960
16358
17909
21991
927
22011
12241
17730
6916
6825
3947
12998
28095
4068
10679
12076
27383
17477
32441
30449
26497
23133
912
21582
18435
6730
15796
23914
5721
16775
9084
25295
1591
1289
26083
8730
11536
31111
1931
4343
28983
22041
25858
21581
29765
17668
4677
14262
31930
14036
12674
14642
8935
27564
10018
32028
17675
9947
20231
15965
1724
16559
5906
3807
24456
2702
8937
31813
31965
14658
23799
27865
31526
18837
6324
18629
14903
4894
10790
17287
20715
32090
5800
22943
25611
2815
17130
22154
25714
12172
16953
30452
30831
8997
11008
31530
5227
10398
5263
15822
1740
31190
8732
8910
31513
20038
16135
29334
14430
12249
28771
30085
7890
4606
24497
25502
10423
24316
750
31873
29314
28551
1489
23449
3644
8336
22606
23702
9768
31585
1630
9246
12966
9192
15618
8383
18263
339
8325
6185
15234
21726
22530
5274
12726
13033
29223
18073
17073
4686
1848
12007
20353
26097
15447
9395
16105
29849
3074
3085
10758
25342
30685
20637
15410
9251
1970
30869
18985
17381
14774
25572
25707
16340
18446
2989
26849
25155
26513
22007
22466
21403
25552
20902
28600
22005
15443
28330
21823
24295
10022
1654
18766
925
7317
18611
13114
27436
20531
24630
471
15140
15137
25648
10208
12900
7052
27045
14233
26163
3448
18720
25010
21900
8380
27812
23407
18104
4174
14821
28678
8995
32449
27832
16713
17768
23564
30153
31620
28078
22669
12684
169
20535
2382
2934
20138
29238
8582
24940
9511
18657
25955
15228
11849
20168
14854
11211
12014
869
30416
27342
518
2292
23516
957
25404
21637
20940
9541
19674
9295
22217
27262
27878
12359
15557
12316
30097
18673
7427
18921
19667
22646
9434
11379
24399
31224
8118
24321
6780
6946
25183
18892
20998
23555
31614
13420
5234
8476
19805
2193
13058
2999
29934
11507
216
19579
8719
3212
3421
1086
17676
7684
24036
10010
13669
32621
27275
5571
13778
31280
25186
24855
31109
839
31440
27639
3759
2989
20018
24406
21061
13587
3524
9359
20740
16085
2757
23036
14771
16172
23254
30148
17576
31909
7076
2804
13453
31698
6598
25810
21604
5439
24297
27758
5833
10151
27434
3193
14967
14952
7619
1882
6158
9269
4330
29567
32020
2571
27894
20977
14393
19046
30404
29484
15071
10420
23897
7725
29657
19722
2760
11724
18291
27670
31830
6220
18611
11093
26077
5425
6111
5509
9326
21841
2623
13150
17466
302
32548
7293
7603
29059
1578
5281
19950
22045
15033
2329
3660
16108
30930
637
12121
15194
20232
24221
15092
987
20940
26295
433
25030
13294
5613
6011
18787
18529
9205
894
23109
20799
10259
10052
14810
16396
26692
8477
31808
19263
10428
11717
3930
31998
3987
19777
23588
7978
28860
12042
4675
10395
5686
10605
20961
4013
22662
16434
10167
9723
7012
32380
3947
24938
693
10224
28701
13930
29625
1305
18237
26488
13958
20235
30111
28135
19381
32327
25297
24545
19035
223
27308
30633
23099
7131
18729
8226
7737
31706
30838
10901
8978
14589
13641
4527
9803
20992
7541
28105
18791
25258
7355
32365
1373
6504
7138
27925
29257
12341
9737
11573
14178
27836
30781
7548
14124
27585
12103
20055
19439
15293
1991
4536
10343
2760
25735
14357
12477
27580
3849
7859
24502
30360
26210
29476
3115
18466
28747
20495
8889
9425
118
5935
10169
17129
27166
11422
5490
32744
28642
30548
27278
1313
26067
19178
31947
8103
14796
7844
25587
20332
22018
13743
4366
20906
4571
7335
26070
10882
9476
8285
24683
29156
20670
8662
12104
26542
13176
27543
16758
4888
31395
27679
9983
29007
26306
31158
21926
30560
21952
869
9685
27480
18311
21318
7127
22697
4302
17918
20807
9168
12338
7047
4809
309
31113
17715
1528
21331
2931
21741
27551
13336
17201
29122
21035
11663
8891
30113
19552
26044
23820
6239
76
16840
31937
19454
8825
17502
22754
11823
12647
11092
19456
13077
1337
4238
24960
27980
1967
4639
27958
5930
10324
17842
16694
16709
24825
31529
30182
18997
24161
4739
30808
923
8510
26883
21207
10338
11100
8590
25536
2116
3357
19542
30356
3216
26405
12725
29514
31275
13398
17499
6122
5333
28671
32428
28759
1966
27728
12132
108
14073
27922
31101
21579
24351
23189
2898
27378
9463
8425
20740
12048
31556
3920
9757
29206
384
19444
19059
7568
16344
12246
7760
3766
25719
7943
27087
20542
26119
12570
13193
9845
12149
15833
27249
8590
14581
8759
26365
10810
12871
20870
1927
15481
8760
1770
27634
17583
8043
11022
5264
21242
1625
16917
26691
6339
20631
30164
26083
25747
29016
4158
1248
4136
23346
31263
2345
5321
4901
4622
20044
14806
29913
28572
19934
4515
3111
26322
25885
14470
10203
24539
7636
2607
2488
22269
32383
16696
22461
6350
9648
13565
12967
3748
13489
10670
5559
12109
19819
26275
25525
26624
10118
1775
17717
4500
210
14391
15385
17904
27878
23493
4183
10691
18439
15832
31229
32373
20811
22334
11378
4189
12285
19749
9982
21812
26692
9007
28300
20169
768
21444
5295
1527
27893
17068
12260
12756
20779
15837
10519
24364
29332
145
616
11310
18672
27804
31534
27748
25838
28157
13628
18665
24468
15539
16228
12502
22752
28882
10554
11773
18864
7381
1050
29146
11487
25142
30061
11974
17329
13372
15911
4462
31089
15637
23444
28292
10840
6436
9557
30900
20913
23708
3238
4826
25403
5966
24802
4722
21455
19135
15688
1615
5442
1662
1023
21905
2445
7860
2648
19153
12587
12541
23124
24478
6339
27510
11622
23597
18951
18968
1145
8012
17372
15940
309
8856
15803
29854
25726
3824
14935
11551
22078
29993
11648
22886
23141
32515
14663
30031
5934
11356
18019
19911
20643
28836
31699
10719
15715
17553
22981
2591
6307
20
31671
29212
5491
4235
17884
28748
5954
24376
449
22554
21413
31730
11824
25142
16724
24602
1621
10031
30837
24017
1055
10307
26654
3944
25065
23158
1301
23320
24410
26593
21978
24308
19849
6989
32743
22811
9829
10752
14902
24626
13141
20439
18692
18
1819
29077
26325
3773
20222
14715
16056
19863
16168
25113
23500
10963
7757
9059
12803
14123
13453
30215
9254
9172
8604
8446
11033
23729
24096
17761
609
4807
27738
23679
32227
19185
31753
23596
27886
17620
1419
30044
11900
19990
8262
8432
23221
21963
6214
28367
9653
21552
1831
19257
24463
23196
29750
11864
13714
24499
16339
27160
6347
7133
24090
2617
28106
2551
9410
31395
27049
24648
12356
26617
16459
5558
9280
3696
2018
18233
19229
27362
30132
4497
22769
542
22558
13108
21920
12931
29145
2699
29255
17357
6780
17501
19931
10542
18498
20108
27917
10657
26382
25343
26993
25211
8364
16095
7136
22594
31322
23046
17947
2499
27527
12980
32688
14687
20954
388
27170
24742
26230
27039
28740
551
6269
31024
5350
19845
28882
3608
5299
18894
25380
29410
24410
31241
12328
18425
11244
12302
15653
3352
11397
411
1206
24323
9519
5027
1228
15733
27139
12265
19954
27993
2194
22734
6101
19260
8323
20327
32515
8707
12157
16339
20467
23001
21575
1996
838
4972
19757
19323
20300
857
13734
19601
29386
8676
18229
14227
7418
749
8589
23413
5844
27168
24056
32619
4492
28523
29177
19196
15964
18357
9520
29784
4995
1485
7807
10475
25230
26528
19563
25650
9174
944
11461
10446
6986
27329
14217
20439
14958
4565
28934
25202
25508
6235
26431
12710
29355
16036
7826
8299
11877
8342
12695
21508
2013
2212
10315
16015
19080
28414
19054
14299
8651
30980
28969
6265
6078
3329
7156
2838
28976
19990
19639
2056
2795
5236
28463
12070
7224
13774
20372
29661
678
12815
25721
20352
31496
6216
28659
28128
27581
14316
15357
2077
9268
29247
30235
25019
13742
16396
28222
7160
18758
16278
15592
21341
5935
24274
5264
15252
25406
30163
16968
11641
8872
25990
8605
23411
12044
3743
1983
8197
10932
13523
27106
6816
31256
8776
17123
3772
30371
8010
31791
14631
16058
4671
24033
3996
18171
23517
18986
7831
4290
17306
18422
31080
10738
2148
8396
28806
23026
27027
5622
551
8181
15388
28899
14605
26239
24583
29385
28067
4133
10787
26510
7496
16788
5624
24553
19435
3284
21501
22213
9176
25038
2059
17894
18385
26636
19474
28110
2913
9665
19211
21730
1389
6153
2093
16841
12556
8305
9828
13589
4249
27578
17407
9765
1798
13786
16040
1865
23410
3908
29594
21800
6910
1897
20494
13663
19677
24703
17910
26731
11435
12417
30958
4809
24320
4983
14192
8539
21572
21239
5191
19726
19909
9964
13382
442
14598
29590
9273
11338
21851
10450
19228
13340
22450
9884
19595
9131
180
19154
28538
17515
22797
3130
23846
12788
2055
18119
19531
10339
30814
7448
27800
4605
16208
4930
9824
6166
31219
18127
658
15154
5323
26631
20203
13929
12700
22638
21098
12816
8061
4749
9733
2453
6446
16117
1434
10411
15787
6786
11560
17319
30465
4573
5695
28458
17249
13892
10677
23297
5235
28558
14747
13385
14572
3945
22383
29399
1123
10727
23187
5591
10593
22329
11006
5042
31159
17082
9266
310
276
11055
9326
13297
11734
14412
7204
25565
31777
18811
12717
4163
22318
8666
19772
11225
9446
5506
8465
21549
12208
7183
495
6215
25223
27741
9167
4746
2895
1423
3798
23004
5993
18774
24709
3591
32389
2928
11568
862
20407
14958
5553
20899
5326
1467
25949
18984
32737
9434
19511
6453
5930
9199
2404
5802
21271
22913
6623
2533
25247
27006
16238
25830
2515
31103
29653
15025
20149
31310
7241
29940
26700
10918
4391
3306
9208
14137
19942
19327
13572
7159
23883
21685
8826
10894
21979
582
18235
23085
31382
20875
6222
17550
21474
26780
9593
29747
21702
30393
2062
26608
24664
29673
13320
28585
17273
992
24406
18013
30399
38
29559
3427
15539
28022
15687
3316
28733
24677
20249
24042
5980
5444
18693
24775
3610
16198
31620
9721
24000
21222
6202
11101
5190
20355
25874
4865
12301
19533
9616
14126
29649
19557
11875
16294
14041
7744
22330
7210
1392
19021
16089
2111
9625
21719
5484
31794
21503
22316
24859
12122
19755
13311
28894
3997
30457
27403
29075
21045
15949
20473
22862
436
32002
10372
7408
11590
31779
30171
25595
7479
26206
27974
11940
12469
16053
25613
8746
18646
12151
12950
28519
25821
17775
21197
1957
21433
27483
15816
5042
7886
14752
19628
24887
4600
28219
8394
14917
1229
8443
22286
23345
18723
2029
2714
31394
25299
24600
27310
6120
27836
20075
26571
911
20234
19700
15384
22068
10936
30803
21252
18840
7763
20845
21549
10227
18433
18277
21889
17803
10435
7624
30882
14468
19703
775
30607
17146
24097
27435
25730
9037
490
708
8468
16060
10857
20002
20647
23094
15266
18632
18949
21868
10828
6430
19525
7211
30680
11366
31471
16873
12206
20209
25952
31646
18874
5267
7535
27605
5671
9556
8528
29954
5738
17000
7353
1558
26499
5986
17732
5457
8575
11172
22037
15703
20546
2074
28348
12423
27011
25896
22876
30344
25624
29920
31757
10276
21620
7545
31104
7514
12910
14332
17634
16814
11332
10049
11522
708
10975
23322
8885
3373
27480
5070
15994
19329
20924
31177
18778
23470
22796
23953
19730
28303
17544
13308
28532
17857
30253
8865
7435
17330
3709
12428
18174
16890
14718
28470
14390
8687
19717
12212
17859
19315
7220
6190
24188
3601
9282
11667
15846
6217
30330
9611
18008
31015
903
5293
18012
24603
11246
19699
11607
3844
14812
106
29549
12942
10274
31790
14495
5310
23166
3990
24374
24011
11036
29612
9573
22320
29020
18144
554
25855
26070
28925
18805
10616
1948
859
23436
1754
26302
26967
25518
29561
30740
32000
27126
21521
22071
21523
15491
20570
5073
22826
29654
21980
791
1328
5755
15621
5779
19736
8172
17529
16167
6094
28338
22185
27471
20590
24013
19879
2982
26805
3414
10553
16556
24501
7779
27436
5574
8396
26155
3562
28038
20182
23659
18767
813
20386
18696
6585
9582
11171
29941
15710
3701
5608
25175
7139
32040
12366
20455
19498
29613
24565
2968
11371
16172
17904
22651
16518
11478
12353
27615
19095
4134
5892
17852
20939
32358
31210
26706
2931
25462
12777
13069
23127
21449
2866
25772
22605
16304
15204
2210
7690
27611
2047
21436
15671
21276
12571
13317
8392
21871
29786
6119
18313
22584
15387
12434
3321
15307
20208
13218
29788
18993
4947
24571
10764
810
15252
18936
12048
26990
28182
12998
25327
13624
15803
28426
24518
4101
1693
8394
23705
15769
767
18570
2535
22084
11395
29109
7297
30307
15773
32319
31388
1833
26439
21897
16164
1184
3830
31365
1875
25834
10445
19738
16003
1229
529
31434
23616
15727
4062
25234
18594
1885
5656
28689
23257
20178
15011
12781
9738
23863
22743
12147
2138
31718
10542
16765
12360
13363
4416
29337
3135
20653
12274
10855
22635
929
31210
10307
16077
22240
31302
4388
15754
18626
2957
5316
18313
14955
7397
28162
21308
4941
22407
17028
19390
15854
14449
9632
6175
25068
29274
17021
11516
32574
11243
29045
23634
20156
28204
15550
22419
3042
22333
6218
6138
3025
25926
20715
8476
17814
28080
30395
20929
12207
5270
18107
14065
5835
22646
22458
5458
20946
1581
3705
7345
30501
10530
7436
31198
30503
19393
4483
15037
16380
7211
14282
14490
20113
18731
21198
31933
20700
11117
28897
21310
15717
3818
24416
27
1029
12455
403
19080
15341
17567
3796
21126
29419
6141
31732
25783
489
9103
5082
16497
2743
8824
877
1041
778
293
23733
13202
28868
14466
21820
3422
15221
26989
17339
8547
14114
19563
8434
24170
19526
18841
4056
2468
24855
19686
12532
21638
26634
10880
17675
1239
14233
10124
25339
25352
3908
31514
17639
25283
28118
23384
28820
14790
7401
27397
16147
22770
5548
6953
1953
31647
8932
21764
29131
16691
25649
68
13014
1267
5779
14715
14941
26649
17964
19663
4668
16934
19784
18676
30125
27513
17562
15959
25521
5665
18632
32412
12466
10480
14635
28747
23398
20688
21456
19142
10486
15450
21186
20095
19552
13733
28299
19815
7450
3676
27128
6058
8440
4628
2845
8345
27983
29404
9625
28647
9051
25621
6683
13081
3038
22404
28453
824
5642
4261
26384
13001
15777
578
14161
14335
7259
10821
17658
1838
10888
24523
2692
29059
29430
18297
2763
23539
15893
25107
30042
25201
30809
26954
24553
15204
22496
28374
14628
28504
1365
29125
22702
14579
19476
24083
20582
8491
5518
10874
25321
11191
13295
2187
17240
10179
16383
23294
603
30952
3654
26183
19557
27739
32628
28522
23866
28261
12288
15631
19631
13331
19214
11993
6321
11566
1174
24308
4233
21101
32451
493
1374
9194
7833
30919
25596
27603
5083
18763
7124
6498
6188
28831
30531
18447
10612
17434
18711
18180
17285
21591
4943
13521
23807
1672
2850
865
11120
22541
7747
30764
29376
70
23908
31919
25549
25765
28665
21273
20050
4871
30014
840
10765
13892
30331
5107
15137
14596
20102
25641
21945
2773
10890
14586
1262
15227
2056
21364
6379
24711
21531
8913
24654
31020
4096
26350
4306
17485
7893
22271
9003
15578
8353
8322
9778
12381
32405
21105
19778
9168
3218
2236
15842
31410
25579
27638
24740
5210
23403
22862
14669
21386
16538
18114
2613
17479
13884
14223
18161
21480
23579
21740
6704
20334
9222
32503
739
7187
30746
27120
19617
24102
5696
7077
26441
533
17655
23853
25065
23500
17748
29913
3294
20541
9798
15464
1853
15680
23839
26490
15218
5022
18256
3656
3879
22376
31092
20625
19048
31374
32657
9432
31236
17836
29338
10188
20790
17191
1848
8
20100
24697
31177
10748
10216
14793
31658
16427
16942
17343
1457
5016
14237
18326
13310
10362
12761
25971
3828
27447
6920
4341
25986
12688
27188
15373
7335
23577
3824
9232
6197
11245
16447
29962
8405
8351
12977
14166
27467
29300
31183
15211
9467
31951
6329
30713
10668
11500
1550
3637
18061
18641
9996
26736
11893
8834
1529
9967
879
2933
18369
20215
6518
7237
9440
28711
22141
9386
27010
13323
21427
22441
16617
3053
9220
2056
20496
28910
25571
2309
25486
27222
30279
1864
13500
20009
4851
28181
2586
28667
2555
11462
14063
12804
24708
28793
15920
11383
10955
9734
7331
24336
18281
22580
32324
8428
24533
15916
25320
17054
21034
3629
30240
5759
26666
26754
7776
21317
32643
28337
1889
1240
1874
23286
11203
32609
30438
11247
8695
2211
8646
14489
12380
11150
3317
16507
27816
27153
10612
19489
27274
16689
6153
29132
15758
13144
23103
21096
21056
19695
5294
25278
25236
22318
18044
21739
2437
11571
6692
13841
14845
26450
13174
5196
7413
20653
7904
16616
6877
23300
17899
721
5182
1230
3336
19786
3486
25992
32397
20194
21156
21581
9979
27812
21628
23719
1666
32143
18301
30117
15303
23110
17417
12077
19428
5384
28341
18836
11184
28129
27562
27500
28226
22306
8524
27037
15536
7696
3609
21944
31516
3033
13779
18055
16114
4812
27105
3817
31339
23496
28915
22236
342
18421
20965
19164
19223
15027
17894
21868
5616
16336
5593
5874
20351
25086
26363
4039
26248
17796
15046
12431
27125
23347
9750
17606
6427
16284
907
27548
18751
6784
9518
4867
17497
4744
18775
10502
1303
10550
22222
30556
29733
4892
9264
23869
2732
24652
20116
23412
32281
2319
25455
9910
22815
13018
25013
13362
9727
16765
22081
29801
3591
2206
6007
12352
4696
12646
25640
15443
16877
10362
27061
30349
4313
10285
30072
16886
13520
13044
21855
29899
10985
4634
11226
27860
19106
11444
15096
15858
2597
19160
27341
12024
22474
6410
3862
30907
11484
32759
12320
31597
15776
9318
23269
24102
27283
9067
15480
19652
22260
24285
3236
18421
18562
28171
3024
15250
13447
1707
6182
20271
7701
29203
7669
9456
10640
25260
26451
31390
2412
15779
3846
24825
10296
11489
6821
32080
13276
3390
32762
2384
28191
3313
6571
1306
26220
3659
20249
20376
213
8870
29577
6416
28248
12696
8322
25593
31329
8300
3957
2062
20881
3538
13988
27554
9662
30165
11580
26419
21307
21006
6852
1857
27481
2583
13755
8288
18477
18499
5501
27021
3476
1676
23399
4286
15221
26573
30523
32189
13638
12594
2758
14133
25298
30700
12480
7693
20025
22313
10995
29430
25400
16963
15264
23104
13226
18231
11806
20978
25935
21850
21188
19993
11469
23623
29193
28512
31220
22300
31466
2017
14662
6118
28812
25147
20151
26457
23331
32485
11697
19653
16402
15298
12891
4677
25940
6645
8219
22842
25626
5622
26970
21239
20149
17893
9351
29118
28087
12831
21086
9708
22613
7184
22890
31600
27664
10056
23240
11137
26517
6352
17455
30353
11489
8382
17197
23164
28328
25095
32179
30982
19704
11413
13268
17028
9498
7577
11978
14553
6329
6691
8506
24228
4165
22512
23737
9912
15514
26754
142
30669
23517
31350
1465
6261
17831
17683
19509
5969
614
21023
3451
900
29184
6646
22599
2408
17849
9693
31134
18304
20822
11411
30480
28590
30594
23849
32315
2214
13682
19476
28048
25507
4549
13953
23130
6745
29358
4072
14331
10538
8020
3556
1145
31132
28793
9794
7738
28939
29786
13143
9996
22427
2519
12951
6249
11121
14036
20836
27896
13347
15839
15396
854
27244
14099
25494
7703
2085
12348
11366
9480
21616
6204
15615
2999
55
31149
23968
310
9941
18631
7858
19739
18194
18564
14681
32203
18517
19203
24137
19449
24597
20778
26331
22377
27537
19856
7263
8442
4545
3738
2484
26083
16780
5092
2839
16445
24635
21218
4153
12482
15406
11975
17556
30164
6093
10149
4606
21441
24770
1238
12671
12869
26470
32412
15968
13136
10872
11012
32644
9994
2837
12816
23292
276
31972
3348
10197
13073
1682
21857
21044
4198
9854
26145
1446
7997
28597
21890
20913
31440
29472
2327
31919
10980
18684
27003
30940
5267
20107
31031
12205
26703
27657
21221
5987
12580
30434
21142
18145
26941
1058
28274
31674
14250
16173
670
18063
15201
6320
5219
20888
1922
25047
20620
30080
13535
10177
18703
4214
11451
25393
13808
21377
4306
20614
15715
31251
25754
1005
1841
8162
23497
3541
8028
10483
29207
17315
27654
28663
12357
167
14991
11995
16990
29519
10238
21915
17213
19099
26786
17239
24911
22481
13049
5544
16538
30834
20944
564
15870
23660
8620
28288
30651
31889
32105
14854
16180
21832
24097
28296
22515
14723
12879
19107
10220
20977
12340
23207
15622
7284
10106
5030
19415
32725
5656
9419
2991
18359
1141
29421
5081
7369
27856
29284
7709
19776
12767
21276
21129
31109
26806
13032
114
31018
31211
18968
26805
3107
24056
17997
32066
11315
30944
18316
14812
4772
22806
13202
31258
17979
23962
21351
28850
17771
1893
28470
9206
8393
31239
23644
5023
6592
28559
12735
27594
6534
9131
5729
26944
5198
31248
24117
21242
11456
25628
26929
11493
11174
18874
30884
2018
8168
31111
28362
4881
15034
25651
11421
21071
15380
10025
495
7677
866
10866
25526
20484
6270
21974
23719
16917
16603
8517
27654
310
29955
1142
18108
23162
19011
2510
11946
9487
9380
2179
21565
28030
17694
18945
30274
26159
2057
7821
13308
16684
26580
9512
17780
22310
6137
19126
3601
16317
19504
17503
15720
16124
32740
2358
29269
11299
20963
3864
5195
13738
18521
20183
22248
9858
4351
21400
7117
4254
4496
22906
9900
178
23677
16249
22434
7995
24033
20625
24520
25279
21687
10278
9221
14166
27723
13731
16934
16233
2542
9058
27696
4538
8942
9420
3572
6308
11973
28609
28901
30373
2449
25914
21031
5145
23236
11564
7912
14920
21533
18864
19187
24483
23767
25954
30082
2379
32032
24838
20564
26067
7628
25714
32000
1351
28747
30376
21641
21101
4824
24898
19762
12618
17652
25363
29332
26344
16403
30219
9197
11863
2197
11355
3259
7922
19191
26842
2954
18403
6475
30375
31498
9450
7397
17424
4452
20570
4184
17587
18894
5732
5537
16099
3166
19863
15521
2126
2075
6312
19921
30172
29530
30063
11569
730
9800
15667
27009
29527
17347
31271
19380
30158
25710
13876
31394
2054
30724
9977
1789
9015
20716
23313
29574
29550
3598
19604
3456
7730
22246
31968
10597
23656
7638
32153
6105
27508
23745
2798
26332
6561
32725
6942
17219
29123
29352
1851
3689
18971
903
12591
31778
14970
4363
19196
19696
15785
13804
9032
30842
521
26394
6936
23609
11639
14346
10460
17013
6258
14670
3244
21872
17536
9577
6609
21217
4557
20449
14727
5027
30742
2710
2817
15279
18117
30033
17582
9800
12382
27552
15035
25205
9497
1250
11993
21428
16593
23198
19776
19181
20508
2329
31475
11173
12476
7719
22854
29044
4406
27201
8862
10681
21440
26584
17529
13708
6240
11497
23214
26612
12883
6866
28661
21594
3244
16484
10153
24894
16957
8761
13517
29481
27834
23879
16974
17379
28444
22454
12423
14821
16196
29679
19466
21521
29409
31222
24990
32161
5011
11001
21380
24158
32337
13097
5119
31506
21000
28104
10515
14911
12676
12163
7564
8465
23700
2819
834
23698
25705
17343
27292
27421
32576
25364
29523
31253
16193
9111
23160
19414
12454
9898
10681
14828
8991
10317
27616
10116
8821
9527
2716
30751
25198
10022
14724
24206
8690
11123
4697
6170
18795
22505
18059
26627
18546
29143
2559
26412
30375
19300
6928
31764
31712
6947
3028
3848
903
29159
12448
20119
16189
17113
22478
6215
31939
12743
11965
22918
21275
7103
30746
31971
10986
3549
30558
14206
9761
7777
13720
19133
10972
23556
877
3649
5515
18317
23645
22041
22095
2975
3912
2357
32167
26325
20528
31773
31819
31761
5952
25571
6744
32016
28941
30037
27054
25410
9245
1144
14230
10969
20390
14386
16809
17440
26519
9799
12781
12047
12764
27527
9792
29980
10462
5189
18170
30035
26442
26890
12494
13993
276
29579
13809
13454
28091
20441
14974
22977
26574
7640
12314
7528
26031
9970
29908
30304
3991
3084
6478
6354
22234
4025
21026
12807
4717
20654
6271
5757
17573
2167
15891
5690
28225
8808
30766
27488
4779
16085
9764
30466
20859
30342
22259
16438
14653
29285
21029
26987
14196
11130
10232
4093
18911
26393
3261
18951
21754
17242
894
13945
17352
26570
7139
21354
21712
11872
18262
3759
14437
22707
2406
17580
25643
9577
1897
8554
16343
23027
15206
6122
3894
5240
20018
25529
15729
31246
23768
18629
28047
5424
11582
1391
29755
30829
5638
10977
7880
31069
7603
20386
27506
6105
5389
20583
5863
25963
12486
4909
8966
260
26205
132
15078
31469
4163
10030
6170
13568
7485
15848
19763
4888
20233
30600
6535
4038
19524
23880
10801
2374
2443
9058
27737
23217
19937
11229
21686
5491
22096
11174
16464
28416
23763
9698
21131
14019
1652
12675
29793
26711
31922
15641
22767
11770
13861
17643
11059
26431
12901
12103
18708
2051
11559
17174
12194
25505
3241
27827
31904
14442
3921
17662
10560
3919
31889
3756
25133
17377
23821
7649
8398
18556
32256
24064
27082
31422
17371
27074
21703
7230
4144
27013
16760
17275
16079
11239
24022
22803
32303
11412
25005
30006
1807
32092
9051
12633
30556
17801
27092
16943
21590
19311
8170
28117
30703
15428
19660
12877
28019
9778
30156
12333
366
22699
19813
11672
2251
7933
21372
17774
9017
2342
19174
5824
31955
14057
10283
2183
21247
22817
23945
30101
16534
23894
10300
21707
5446
30606
17149
12685
15413
32357
8649
2163
30183
19808
6883
23617
26978
8575
8476
5914
20624
9233
29522
3056
17380
6092
000